00120 0
03000 0
02200 0
31100 0
02102 0
01111 0
01112 0
00004 1
10200 0
00300 0
00202 0
01013 0
10022 0
10111 0
10121 0
00040 1
21000 0
00030 0
02020 0
13001 0
01220 0
11110 0
11210 0
00400 1
02001 0
30000 0
20020 0
10310 0
20201 0
11101 0
21101 0
40000 1
00012 0
00003 0
20002 0
00131 0
22010 0
11011 0
12011 0
04000 1
00223 1
23030 1
00241 2
00350 2
00050 2
60000 3
02032 1
02303 1
20410 2
53000 2
05000 2
06000 3
23200 1
30032 1
42100 2
05003 2
00005 2
00006 3
20320 1
03320 1
14002 2
30500 2
00500 2
00060 3
32002 1
30203 1
01024 2
00035 2
50000 2
00600 3
03353 3
30630 4
00700 4
30700 5
30533 3
63300 4
70000 4
73000 5
53330 3
36003 4
07000 4
07003 5
35303 3
03036 4
00007 4
00037 5
33035 3
00363 4
00070 4
00370 5